9.75
19.24
16.50
18.20
5.46
4.35
12.36
10.57
14.30
15.94
6.89
9.00
19.26
10.02
13.89
19.22
12.47
7.79
4.66
6.93
19.07
10.41
4.57
14.72
17.82
11.89
5.59
17.82
10.61
17.72
17.27
7.52
19.12
16.17
5.26
17.88
17.79
15.10
13.50
12.23
18.28
10.18
16.93
6.91
4.62
9.93
4.67
14.96
11.54
7.03
4.03
14.50
10.79
10.50
8.90
6.16
5.38
15.04
5.97
7.74
9.47
14.61
13.52
10.57
6.52
12.59
17.09
7.47
12.81
15.84
14.16
4.16
4.55
17.43
4.25
5.54
19.91
18.24
19.05
6.97
13.29
11.25
11.62
18.91
19.06
9.59
6.09
16.42
6.34
8.94
10.41
19.09
18.03
18.20
16.76
15.08
7.31
9.64
11.50
12.46
17.79
10.45
9.95
18.58
10.65
5.60
6.34
17.05
6.15
14.14
19.74
18.33
8.07
4.35
9.83
10.01
15.49
8.25
5.54
19.37
14.09
19.61
13.37
8.65
18.70
8.76
4.26
6.49
4.87
7.93
6.03
17.30
16.95
6.89
11.55
6.89
15.03
5.88
6.66
17.92
14.30
14.64
18.64
4.96
5.53
8.13
4.28
19.84
18.60
15.76
10.73
19.67
11.58
9.15
4.65
6.99
14.87
18.47
17.00
19.25
16.09
18.79
12.83
10.23
11.10
11.54
18.96
15.21
14.44
4.31
6.76
12.53
7.55
6.05
10.78
14.03
18.18
10.97
9.07
6.33
15.16
16.55
18.75
7.55
15.95
11.02
6.01
14.59
7.11
6.14
14.00
12.15
8.28
18.69
11.27
11.86
15.79
18.79
12.00
19.32
