13.69
5.85
15.65
14.20
16.99
11.67
18.64
4.79
8.69
15.44
10.69
6.77
5.72
17.08
11.57
18.12
15.73
10.56
9.98
12.25
18.22
15.80
4.08
15.11
18.71
15.37
6.83
11.74
6.25
9.74
18.99
18.77
8.53
9.43
13.60
19.41
6.36
8.11
17.98
11.87
18.38
6.97
12.52
9.22
9.06
11.15
10.93
9.72
18.64
15.71
15.64
8.64
13.24
16.47
16.73
9.51
16.33
15.77
6.26
17.86
11.06
11.78
11.17
13.09
13.94
11.97
17.87
14.04
10.42
10.67
16.97
9.57
7.38
4.95
18.02
18.70
5.92
9.35
6.81
5.85
18.40
4.91
19.69
5.54
17.82
13.06
9.89
9.48
16.12
9.03
14.52
12.28
11.76
18.42
12.87
17.23
15.61
4.62
16.37
7.47
18.45
4.69
9.33
5.60
11.61
17.12
8.77
6.41
9.28
17.02
6.25
7.64
5.10
15.29
10.32
8.97
15.50
9.38
15.64
17.04
7.48
19.58
6.60
8.65
6.88
9.53
11.68
12.35
17.66
18.23
7.52
13.97
5.78
11.34
9.16
9.06
11.72
15.68
5.11
18.07
15.76
6.82
19.03
12.10
20.00
7.16
12.56
8.64
8.87
13.46
18.75
16.88
15.58
12.95
18.76
11.88
17.98
17.34
7.42
16.34
4.19
9.17
7.67
12.11
15.79
5.56
12.24
19.01
7.66
14.83
13.49
4.16
11.61
15.34
4.70
18.07
12.32
4.49
7.59
19.26
13.32
5.72
8.60
11.31
4.34
10.59
11.83
7.90
13.42
16.05
7.77
13.93
14.23
19.18
16.45
17.57
11.85
6.97
19.93
6.07
